[UI]
Position_X=480.462006
Position_Y=1.000000
Rotation_Z=1.000000
Scale_X=0.000000
Scale_Y=0.832000
[DirectionalLight]
Diffuse_R=1.000000
Diffuse_G=1.000000
Diffuse_B=1.000000
Diffuse_A=1.000000
Ambient_R=0.436000
Ambient_G=0.436000
Ambient_B=0.436000
Ambient_A=1.000000
Direction_X=1.000000
Direction_Y=-1.000000
Direction_Z=1.000000
Intensity=3.682000
