[UI]
Position_X=480.462006
Position_Y=1.000000
Rotation_Z=0.000000
Scale_X=0.000000
Scale_Y=1.136000
[DirectionalLight]
Diffuse_R=1.000000
Diffuse_G=0.855126
Diffuse_B=0.684685
Diffuse_A=1.000000
Ambient_R=0.477477
Ambient_G=0.258096
Ambient_B=0.000000
Ambient_A=1.000000
Direction_X=-1.000000
Direction_Y=-1.000000
Direction_Z=-1.000000
Intensity=3.043000
[DistanceFog]
Color_X=0.360360
Color_Y=0.224008
Color_Z=0.000000
Color_W=1.000000
Distance=100.000000
