[UI]
Position_X=480.462006
Position_Y=0.000000
Rotation_Z=0.000000
Scale_X=3.883000
Scale_Y=3.386000
[DirectionalLight]
Diffuse_R=1.000000
Diffuse_G=1.000000
Diffuse_B=1.000000
Diffuse_A=1.000000
Ambient_R=0.494444
Ambient_G=0.494444
Ambient_B=0.494444
Ambient_A=1.000000
Direction_X=-1.000000
Direction_Y=-1.000000
Direction_Z=1.000000
