[Material_1]
BaseColor_R=1.000000
BaseColor_G=1.000000
BaseColor_B=1.000000
BaseColor_A=1.000000
Metallic=1.000000
SubSurfase=0.000000
Specular=1.000000
SpecularTint=0.000000
Roughness=0.239000
Anisotropic=1.000000
Sheen=0.625000
SheenTint=0.000000
ClearCoat=0.000000
ClearCoatGloss=0.000000
Anisotropic_X_X=0.000000
Anisotropic_X_Y=0.000000
Anisotropic_X_Z=0.000000
Anisotropic_Y_X=0.000000
Anisotropic_Y_Y=0.000000
Anisotropic_Y_Z=1.000000
